1 6,080717 3,134091
2 6,590582 3,657001
3 5,835787 2,915799
4 5,840210 2,920212
5 5,783332 2,893347
6 5,733470 2,863475
7 5,860827 2,930831
8 5,844425 2,924429
9 5,815817 2,905820
10 5,858455 2,928458
11 5,859193 2,929193
12 5,767934 2,887936
13 5,874232 2,934237
14 5,683525 2,843530
15 5,963135 3,026475
16 6,131986 3,219776
17 5,799276 2,901875
18 5,856787 2,926789
19 5,806179 2,906183
20 5,854722 2,924724
21 5,860304 2,930308
22 5,681886 2,841889
23 5,825228 2,915216
24 5,870471 2,930485
25 5,866872 2,936877
26 6,106718 3,170496
27 5,852471 2,930013
28 5,840402 2,920409
29 5,857269 2,934408
30 5,660789 2,830799
31 5,845518 2,925520
32 5,854843 2,924847
33 5,833700 2,918162
34 5,816787 2,908537
35 5,867402 2,937402
36 5,777955 2,887952
37 5,781255 2,891269
38 5,716625 2,856628
39 5,979189 3,055833
40 5,815994 2,905995
41 6,433712 3,511632
42 5,859568 2,929571
43 5,841610 2,921612
44 6,453375 3,536006
45 5,855198 2,929390
46 5,624649 2,814655
47 6,878089 3,950328
48 5,973119 3,044457
49 5,839596 2,923223
50 5,814925 2,906110
